eval_f = 0.7623061
eval_precision = 0.62495196
eval_recall = 0.99713874
global_step = 5795
loss = 282.01114
