eval_f = 0.9980447
eval_precision = 0.9979576
eval_recall = 0.998132
global_step = 4062
loss = 0.5382152
